# x rho u P T
# B11-Subcrit-contact-dT -- EXACT solution, minted 2026-08-13.
# TP(250 K, 30 bar, liquid) | TP(290 K, 30 bar, vapour), u = 200 m/s BOTH sides.
# P and u are uniform, so the Riemann problem generates no acoustic wave: the
# contact simply translates at 200 m/s, and inviscid Euler carries no
# conduction so the 40 K jump persists.  Contact at t_final = 0.0006811637 s sits at
# x = 0.5 + 200*t_final = 0.63623274 m.  Any deviation from this is error.
# rho_L, rho_R are the PR EOS densities at those (T,P): the reference tests
# DYNAMICS, not the equation of state.
# WHY IT EXISTS: every other contact-with-a-temperature-jump in the suite
# (B4, B10) is ALSO cross-critical, and every case needing fast thermal
# relaxation is a dispersed mixture.  Morphology and criticality are
# perfectly correlated in the rest of the suite, so it cannot say which one
# the coexistence veto should key on.  This case separates them: a SUBCRITICAL
# smeared contact.  If it needs SLOW theta like B4, morphology is the
# discriminator; if it tolerates FAST theta, criticality is.
0.0000000000e+00 1.0775800000e+03 2.0000000000e+02 3.0000000000e+06 2.5000000000e+02
1.2515644556e-03 1.0775800000e+03 2.0000000000e+02 3.0000000000e+06 2.5000000000e+02
2.5031289111e-03 1.0775800000e+03 2.0000000000e+02 3.0000000000e+06 2.5000000000e+02
3.7546933667e-03 1.0775800000e+03 2.0000000000e+02 3.0000000000e+06 2.5000000000e+02
5.0062578223e-03 1.0775800000e+03 2.0000000000e+02 3.0000000000e+06 2.5000000000e+02
6.2578222778e-03 1.0775800000e+03 2.0000000000e+02 3.0000000000e+06 2.5000000000e+02
7.5093867334e-03 1.0775800000e+03 2.0000000000e+02 3.0000000000e+06 2.5000000000e+02
8.7609511890e-03 1.0775800000e+03 2.0000000000e+02 3.0000000000e+06 2.5000000000e+02
1.0012515645e-02 1.0775800000e+03 2.0000000000e+02 3.0000000000e+06 2.5000000000e+02
1.1264080100e-02 1.0775800000e+03 2.0000000000e+02 3.0000000000e+06 2.5000000000e+02
1.2515644556e-02 1.0775800000e+03 2.0000000000e+02 3.0000000000e+06 2.5000000000e+02
1.3767209011e-02 1.0775800000e+03 2.0000000000e+02 3.0000000000e+06 2.5000000000e+02
1.5018773467e-02 1.0775800000e+03 2.0000000000e+02 3.0000000000e+06 2.5000000000e+02
1.6270337922e-02 1.0775800000e+03 2.0000000000e+02 3.0000000000e+06 2.5000000000e+02
1.7521902378e-02 1.0775800000e+03 2.0000000000e+02 3.0000000000e+06 2.5000000000e+02
1.8773466834e-02 1.0775800000e+03 2.0000000000e+02 3.0000000000e+06 2.5000000000e+02
2.0025031289e-02 1.0775800000e+03 2.0000000000e+02 3.0000000000e+06 2.5000000000e+02
2.1276595745e-02 1.0775800000e+03 2.0000000000e+02 3.0000000000e+06 2.5000000000e+02
2.2528160200e-02 1.0775800000e+03 2.0000000000e+02 3.0000000000e+06 2.5000000000e+02
2.3779724656e-02 1.0775800000e+03 2.0000000000e+02 3.0000000000e+06 2.5000000000e+02
2.5031289111e-02 1.0775800000e+03 2.0000000000e+02 3.0000000000e+06 2.5000000000e+02
2.6282853567e-02 1.0775800000e+03 2.0000000000e+02 3.0000000000e+06 2.5000000000e+02
2.7534418023e-02 1.0775800000e+03 2.0000000000e+02 3.0000000000e+06 2.5000000000e+02
2.8785982478e-02 1.0775800000e+03 2.0000000000e+02 3.0000000000e+06 2.5000000000e+02
3.0037546934e-02 1.0775800000e+03 2.0000000000e+02 3.0000000000e+06 2.5000000000e+02
3.1289111389e-02 1.0775800000e+03 2.0000000000e+02 3.0000000000e+06 2.5000000000e+02
3.2540675845e-02 1.0775800000e+03 2.0000000000e+02 3.0000000000e+06 2.5000000000e+02
3.3792240300e-02 1.0775800000e+03 2.0000000000e+02 3.0000000000e+06 2.5000000000e+02
3.5043804756e-02 1.0775800000e+03 2.0000000000e+02 3.0000000000e+06 2.5000000000e+02
3.6295369212e-02 1.0775800000e+03 2.0000000000e+02 3.0000000000e+06 2.5000000000e+02
3.7546933667e-02 1.0775800000e+03 2.0000000000e+02 3.0000000000e+06 2.5000000000e+02
3.8798498123e-02 1.0775800000e+03 2.0000000000e+02 3.0000000000e+06 2.5000000000e+02
4.0050062578e-02 1.0775800000e+03 2.0000000000e+02 3.0000000000e+06 2.5000000000e+02
4.1301627034e-02 1.0775800000e+03 2.0000000000e+02 3.0000000000e+06 2.5000000000e+02
4.2553191489e-02 1.0775800000e+03 2.0000000000e+02 3.0000000000e+06 2.5000000000e+02
4.3804755945e-02 1.0775800000e+03 2.0000000000e+02 3.0000000000e+06 2.5000000000e+02
4.5056320401e-02 1.0775800000e+03 2.0000000000e+02 3.0000000000e+06 2.5000000000e+02
4.6307884856e-02 1.0775800000e+03 2.0000000000e+02 3.0000000000e+06 2.5000000000e+02
4.7559449312e-02 1.0775800000e+03 2.0000000000e+02 3.0000000000e+06 2.5000000000e+02
4.8811013767e-02 1.0775800000e+03 2.0000000000e+02 3.0000000000e+06 2.5000000000e+02
5.0062578223e-02 1.0775800000e+03 2.0000000000e+02 3.0000000000e+06 2.5000000000e+02
5.1314142678e-02 1.0775800000e+03 2.0000000000e+02 3.0000000000e+06 2.5000000000e+02
5.2565707134e-02 1.0775800000e+03 2.0000000000e+02 3.0000000000e+06 2.5000000000e+02
5.3817271589e-02 1.0775800000e+03 2.0000000000e+02 3.0000000000e+06 2.5000000000e+02
5.5068836045e-02 1.0775800000e+03 2.0000000000e+02 3.0000000000e+06 2.5000000000e+02
5.6320400501e-02 1.0775800000e+03 2.0000000000e+02 3.0000000000e+06 2.5000000000e+02
5.7571964956e-02 1.0775800000e+03 2.0000000000e+02 3.0000000000e+06 2.5000000000e+02
5.8823529412e-02 1.0775800000e+03 2.0000000000e+02 3.0000000000e+06 2.5000000000e+02
6.0075093867e-02 1.0775800000e+03 2.0000000000e+02 3.0000000000e+06 2.5000000000e+02
6.1326658323e-02 1.0775800000e+03 2.0000000000e+02 3.0000000000e+06 2.5000000000e+02
6.2578222778e-02 1.0775800000e+03 2.0000000000e+02 3.0000000000e+06 2.5000000000e+02
6.3829787234e-02 1.0775800000e+03 2.0000000000e+02 3.0000000000e+06 2.5000000000e+02
6.5081351690e-02 1.0775800000e+03 2.0000000000e+02 3.0000000000e+06 2.5000000000e+02
6.6332916145e-02 1.0775800000e+03 2.0000000000e+02 3.0000000000e+06 2.5000000000e+02
6.7584480601e-02 1.0775800000e+03 2.0000000000e+02 3.0000000000e+06 2.5000000000e+02
6.8836045056e-02 1.0775800000e+03 2.0000000000e+02 3.0000000000e+06 2.5000000000e+02
7.0087609512e-02 1.0775800000e+03 2.0000000000e+02 3.0000000000e+06 2.5000000000e+02
7.1339173967e-02 1.0775800000e+03 2.0000000000e+02 3.0000000000e+06 2.5000000000e+02
7.2590738423e-02 1.0775800000e+03 2.0000000000e+02 3.0000000000e+06 2.5000000000e+02
7.3842302879e-02 1.0775800000e+03 2.0000000000e+02 3.0000000000e+06 2.5000000000e+02
7.5093867334e-02 1.0775800000e+03 2.0000000000e+02 3.0000000000e+06 2.5000000000e+02
7.6345431790e-02 1.0775800000e+03 2.0000000000e+02 3.0000000000e+06 2.5000000000e+02
7.7596996245e-02 1.0775800000e+03 2.0000000000e+02 3.0000000000e+06 2.5000000000e+02
7.8848560701e-02 1.0775800000e+03 2.0000000000e+02 3.0000000000e+06 2.5000000000e+02
8.0100125156e-02 1.0775800000e+03 2.0000000000e+02 3.0000000000e+06 2.5000000000e+02
8.1351689612e-02 1.0775800000e+03 2.0000000000e+02 3.0000000000e+06 2.5000000000e+02
8.2603254068e-02 1.0775800000e+03 2.0000000000e+02 3.0000000000e+06 2.5000000000e+02
8.3854818523e-02 1.0775800000e+03 2.0000000000e+02 3.0000000000e+06 2.5000000000e+02
8.5106382979e-02 1.0775800000e+03 2.0000000000e+02 3.0000000000e+06 2.5000000000e+02
8.6357947434e-02 1.0775800000e+03 2.0000000000e+02 3.0000000000e+06 2.5000000000e+02
8.7609511890e-02 1.0775800000e+03 2.0000000000e+02 3.0000000000e+06 2.5000000000e+02
8.8861076345e-02 1.0775800000e+03 2.0000000000e+02 3.0000000000e+06 2.5000000000e+02
9.0112640801e-02 1.0775800000e+03 2.0000000000e+02 3.0000000000e+06 2.5000000000e+02
9.1364205257e-02 1.0775800000e+03 2.0000000000e+02 3.0000000000e+06 2.5000000000e+02
9.2615769712e-02 1.0775800000e+03 2.0000000000e+02 3.0000000000e+06 2.5000000000e+02
9.3867334168e-02 1.0775800000e+03 2.0000000000e+02 3.0000000000e+06 2.5000000000e+02
9.5118898623e-02 1.0775800000e+03 2.0000000000e+02 3.0000000000e+06 2.5000000000e+02
9.6370463079e-02 1.0775800000e+03 2.0000000000e+02 3.0000000000e+06 2.5000000000e+02
9.7622027534e-02 1.0775800000e+03 2.0000000000e+02 3.0000000000e+06 2.5000000000e+02
9.8873591990e-02 1.0775800000e+03 2.0000000000e+02 3.0000000000e+06 2.5000000000e+02
1.0012515645e-01 1.0775800000e+03 2.0000000000e+02 3.0000000000e+06 2.5000000000e+02
1.0137672090e-01 1.0775800000e+03 2.0000000000e+02 3.0000000000e+06 2.5000000000e+02
1.0262828536e-01 1.0775800000e+03 2.0000000000e+02 3.0000000000e+06 2.5000000000e+02
1.0387984981e-01 1.0775800000e+03 2.0000000000e+02 3.0000000000e+06 2.5000000000e+02
1.0513141427e-01 1.0775800000e+03 2.0000000000e+02 3.0000000000e+06 2.5000000000e+02
1.0638297872e-01 1.0775800000e+03 2.0000000000e+02 3.0000000000e+06 2.5000000000e+02
1.0763454318e-01 1.0775800000e+03 2.0000000000e+02 3.0000000000e+06 2.5000000000e+02
1.0888610763e-01 1.0775800000e+03 2.0000000000e+02 3.0000000000e+06 2.5000000000e+02
1.1013767209e-01 1.0775800000e+03 2.0000000000e+02 3.0000000000e+06 2.5000000000e+02
1.1138923655e-01 1.0775800000e+03 2.0000000000e+02 3.0000000000e+06 2.5000000000e+02
1.1264080100e-01 1.0775800000e+03 2.0000000000e+02 3.0000000000e+06 2.5000000000e+02
1.1389236546e-01 1.0775800000e+03 2.0000000000e+02 3.0000000000e+06 2.5000000000e+02
1.1514392991e-01 1.0775800000e+03 2.0000000000e+02 3.0000000000e+06 2.5000000000e+02
1.1639549437e-01 1.0775800000e+03 2.0000000000e+02 3.0000000000e+06 2.5000000000e+02
1.1764705882e-01 1.0775800000e+03 2.0000000000e+02 3.0000000000e+06 2.5000000000e+02
1.1889862328e-01 1.0775800000e+03 2.0000000000e+02 3.0000000000e+06 2.5000000000e+02
1.2015018773e-01 1.0775800000e+03 2.0000000000e+02 3.0000000000e+06 2.5000000000e+02
1.2140175219e-01 1.0775800000e+03 2.0000000000e+02 3.0000000000e+06 2.5000000000e+02
1.2265331665e-01 1.0775800000e+03 2.0000000000e+02 3.0000000000e+06 2.5000000000e+02
1.2390488110e-01 1.0775800000e+03 2.0000000000e+02 3.0000000000e+06 2.5000000000e+02
1.2515644556e-01 1.0775800000e+03 2.0000000000e+02 3.0000000000e+06 2.5000000000e+02
1.2640801001e-01 1.0775800000e+03 2.0000000000e+02 3.0000000000e+06 2.5000000000e+02
1.2765957447e-01 1.0775800000e+03 2.0000000000e+02 3.0000000000e+06 2.5000000000e+02
1.2891113892e-01 1.0775800000e+03 2.0000000000e+02 3.0000000000e+06 2.5000000000e+02
1.3016270338e-01 1.0775800000e+03 2.0000000000e+02 3.0000000000e+06 2.5000000000e+02
1.3141426783e-01 1.0775800000e+03 2.0000000000e+02 3.0000000000e+06 2.5000000000e+02
1.3266583229e-01 1.0775800000e+03 2.0000000000e+02 3.0000000000e+06 2.5000000000e+02
1.3391739675e-01 1.0775800000e+03 2.0000000000e+02 3.0000000000e+06 2.5000000000e+02
1.3516896120e-01 1.0775800000e+03 2.0000000000e+02 3.0000000000e+06 2.5000000000e+02
1.3642052566e-01 1.0775800000e+03 2.0000000000e+02 3.0000000000e+06 2.5000000000e+02
1.3767209011e-01 1.0775800000e+03 2.0000000000e+02 3.0000000000e+06 2.5000000000e+02
1.3892365457e-01 1.0775800000e+03 2.0000000000e+02 3.0000000000e+06 2.5000000000e+02
1.4017521902e-01 1.0775800000e+03 2.0000000000e+02 3.0000000000e+06 2.5000000000e+02
1.4142678348e-01 1.0775800000e+03 2.0000000000e+02 3.0000000000e+06 2.5000000000e+02
1.4267834793e-01 1.0775800000e+03 2.0000000000e+02 3.0000000000e+06 2.5000000000e+02
1.4392991239e-01 1.0775800000e+03 2.0000000000e+02 3.0000000000e+06 2.5000000000e+02
1.4518147685e-01 1.0775800000e+03 2.0000000000e+02 3.0000000000e+06 2.5000000000e+02
1.4643304130e-01 1.0775800000e+03 2.0000000000e+02 3.0000000000e+06 2.5000000000e+02
1.4768460576e-01 1.0775800000e+03 2.0000000000e+02 3.0000000000e+06 2.5000000000e+02
1.4893617021e-01 1.0775800000e+03 2.0000000000e+02 3.0000000000e+06 2.5000000000e+02
1.5018773467e-01 1.0775800000e+03 2.0000000000e+02 3.0000000000e+06 2.5000000000e+02
1.5143929912e-01 1.0775800000e+03 2.0000000000e+02 3.0000000000e+06 2.5000000000e+02
1.5269086358e-01 1.0775800000e+03 2.0000000000e+02 3.0000000000e+06 2.5000000000e+02
1.5394242804e-01 1.0775800000e+03 2.0000000000e+02 3.0000000000e+06 2.5000000000e+02
1.5519399249e-01 1.0775800000e+03 2.0000000000e+02 3.0000000000e+06 2.5000000000e+02
1.5644555695e-01 1.0775800000e+03 2.0000000000e+02 3.0000000000e+06 2.5000000000e+02
1.5769712140e-01 1.0775800000e+03 2.0000000000e+02 3.0000000000e+06 2.5000000000e+02
1.5894868586e-01 1.0775800000e+03 2.0000000000e+02 3.0000000000e+06 2.5000000000e+02
1.6020025031e-01 1.0775800000e+03 2.0000000000e+02 3.0000000000e+06 2.5000000000e+02
1.6145181477e-01 1.0775800000e+03 2.0000000000e+02 3.0000000000e+06 2.5000000000e+02
1.6270337922e-01 1.0775800000e+03 2.0000000000e+02 3.0000000000e+06 2.5000000000e+02
1.6395494368e-01 1.0775800000e+03 2.0000000000e+02 3.0000000000e+06 2.5000000000e+02
1.6520650814e-01 1.0775800000e+03 2.0000000000e+02 3.0000000000e+06 2.5000000000e+02
1.6645807259e-01 1.0775800000e+03 2.0000000000e+02 3.0000000000e+06 2.5000000000e+02
1.6770963705e-01 1.0775800000e+03 2.0000000000e+02 3.0000000000e+06 2.5000000000e+02
1.6896120150e-01 1.0775800000e+03 2.0000000000e+02 3.0000000000e+06 2.5000000000e+02
1.7021276596e-01 1.0775800000e+03 2.0000000000e+02 3.0000000000e+06 2.5000000000e+02
1.7146433041e-01 1.0775800000e+03 2.0000000000e+02 3.0000000000e+06 2.5000000000e+02
1.7271589487e-01 1.0775800000e+03 2.0000000000e+02 3.0000000000e+06 2.5000000000e+02
1.7396745932e-01 1.0775800000e+03 2.0000000000e+02 3.0000000000e+06 2.5000000000e+02
1.7521902378e-01 1.0775800000e+03 2.0000000000e+02 3.0000000000e+06 2.5000000000e+02
1.7647058824e-01 1.0775800000e+03 2.0000000000e+02 3.0000000000e+06 2.5000000000e+02
1.7772215269e-01 1.0775800000e+03 2.0000000000e+02 3.0000000000e+06 2.5000000000e+02
1.7897371715e-01 1.0775800000e+03 2.0000000000e+02 3.0000000000e+06 2.5000000000e+02
1.8022528160e-01 1.0775800000e+03 2.0000000000e+02 3.0000000000e+06 2.5000000000e+02
1.8147684606e-01 1.0775800000e+03 2.0000000000e+02 3.0000000000e+06 2.5000000000e+02
1.8272841051e-01 1.0775800000e+03 2.0000000000e+02 3.0000000000e+06 2.5000000000e+02
1.8397997497e-01 1.0775800000e+03 2.0000000000e+02 3.0000000000e+06 2.5000000000e+02
1.8523153942e-01 1.0775800000e+03 2.0000000000e+02 3.0000000000e+06 2.5000000000e+02
1.8648310388e-01 1.0775800000e+03 2.0000000000e+02 3.0000000000e+06 2.5000000000e+02
1.8773466834e-01 1.0775800000e+03 2.0000000000e+02 3.0000000000e+06 2.5000000000e+02
1.8898623279e-01 1.0775800000e+03 2.0000000000e+02 3.0000000000e+06 2.5000000000e+02
1.9023779725e-01 1.0775800000e+03 2.0000000000e+02 3.0000000000e+06 2.5000000000e+02
1.9148936170e-01 1.0775800000e+03 2.0000000000e+02 3.0000000000e+06 2.5000000000e+02
1.9274092616e-01 1.0775800000e+03 2.0000000000e+02 3.0000000000e+06 2.5000000000e+02
1.9399249061e-01 1.0775800000e+03 2.0000000000e+02 3.0000000000e+06 2.5000000000e+02
1.9524405507e-01 1.0775800000e+03 2.0000000000e+02 3.0000000000e+06 2.5000000000e+02
1.9649561952e-01 1.0775800000e+03 2.0000000000e+02 3.0000000000e+06 2.5000000000e+02
1.9774718398e-01 1.0775800000e+03 2.0000000000e+02 3.0000000000e+06 2.5000000000e+02
1.9899874844e-01 1.0775800000e+03 2.0000000000e+02 3.0000000000e+06 2.5000000000e+02
2.0025031289e-01 1.0775800000e+03 2.0000000000e+02 3.0000000000e+06 2.5000000000e+02
2.0150187735e-01 1.0775800000e+03 2.0000000000e+02 3.0000000000e+06 2.5000000000e+02
2.0275344180e-01 1.0775800000e+03 2.0000000000e+02 3.0000000000e+06 2.5000000000e+02
2.0400500626e-01 1.0775800000e+03 2.0000000000e+02 3.0000000000e+06 2.5000000000e+02
2.0525657071e-01 1.0775800000e+03 2.0000000000e+02 3.0000000000e+06 2.5000000000e+02
2.0650813517e-01 1.0775800000e+03 2.0000000000e+02 3.0000000000e+06 2.5000000000e+02
2.0775969962e-01 1.0775800000e+03 2.0000000000e+02 3.0000000000e+06 2.5000000000e+02
2.0901126408e-01 1.0775800000e+03 2.0000000000e+02 3.0000000000e+06 2.5000000000e+02
2.1026282854e-01 1.0775800000e+03 2.0000000000e+02 3.0000000000e+06 2.5000000000e+02
2.1151439299e-01 1.0775800000e+03 2.0000000000e+02 3.0000000000e+06 2.5000000000e+02
2.1276595745e-01 1.0775800000e+03 2.0000000000e+02 3.0000000000e+06 2.5000000000e+02
2.1401752190e-01 1.0775800000e+03 2.0000000000e+02 3.0000000000e+06 2.5000000000e+02
2.1526908636e-01 1.0775800000e+03 2.0000000000e+02 3.0000000000e+06 2.5000000000e+02
2.1652065081e-01 1.0775800000e+03 2.0000000000e+02 3.0000000000e+06 2.5000000000e+02
2.1777221527e-01 1.0775800000e+03 2.0000000000e+02 3.0000000000e+06 2.5000000000e+02
2.1902377972e-01 1.0775800000e+03 2.0000000000e+02 3.0000000000e+06 2.5000000000e+02
2.2027534418e-01 1.0775800000e+03 2.0000000000e+02 3.0000000000e+06 2.5000000000e+02
2.2152690864e-01 1.0775800000e+03 2.0000000000e+02 3.0000000000e+06 2.5000000000e+02
2.2277847309e-01 1.0775800000e+03 2.0000000000e+02 3.0000000000e+06 2.5000000000e+02
2.2403003755e-01 1.0775800000e+03 2.0000000000e+02 3.0000000000e+06 2.5000000000e+02
2.2528160200e-01 1.0775800000e+03 2.0000000000e+02 3.0000000000e+06 2.5000000000e+02
2.2653316646e-01 1.0775800000e+03 2.0000000000e+02 3.0000000000e+06 2.5000000000e+02
2.2778473091e-01 1.0775800000e+03 2.0000000000e+02 3.0000000000e+06 2.5000000000e+02
2.2903629537e-01 1.0775800000e+03 2.0000000000e+02 3.0000000000e+06 2.5000000000e+02
2.3028785982e-01 1.0775800000e+03 2.0000000000e+02 3.0000000000e+06 2.5000000000e+02
2.3153942428e-01 1.0775800000e+03 2.0000000000e+02 3.0000000000e+06 2.5000000000e+02
2.3279098874e-01 1.0775800000e+03 2.0000000000e+02 3.0000000000e+06 2.5000000000e+02
2.3404255319e-01 1.0775800000e+03 2.0000000000e+02 3.0000000000e+06 2.5000000000e+02
2.3529411765e-01 1.0775800000e+03 2.0000000000e+02 3.0000000000e+06 2.5000000000e+02
2.3654568210e-01 1.0775800000e+03 2.0000000000e+02 3.0000000000e+06 2.5000000000e+02
2.3779724656e-01 1.0775800000e+03 2.0000000000e+02 3.0000000000e+06 2.5000000000e+02
2.3904881101e-01 1.0775800000e+03 2.0000000000e+02 3.0000000000e+06 2.5000000000e+02
2.4030037547e-01 1.0775800000e+03 2.0000000000e+02 3.0000000000e+06 2.5000000000e+02
2.4155193992e-01 1.0775800000e+03 2.0000000000e+02 3.0000000000e+06 2.5000000000e+02
2.4280350438e-01 1.0775800000e+03 2.0000000000e+02 3.0000000000e+06 2.5000000000e+02
2.4405506884e-01 1.0775800000e+03 2.0000000000e+02 3.0000000000e+06 2.5000000000e+02
2.4530663329e-01 1.0775800000e+03 2.0000000000e+02 3.0000000000e+06 2.5000000000e+02
2.4655819775e-01 1.0775800000e+03 2.0000000000e+02 3.0000000000e+06 2.5000000000e+02
2.4780976220e-01 1.0775800000e+03 2.0000000000e+02 3.0000000000e+06 2.5000000000e+02
2.4906132666e-01 1.0775800000e+03 2.0000000000e+02 3.0000000000e+06 2.5000000000e+02
2.5031289111e-01 1.0775800000e+03 2.0000000000e+02 3.0000000000e+06 2.5000000000e+02
2.5156445557e-01 1.0775800000e+03 2.0000000000e+02 3.0000000000e+06 2.5000000000e+02
2.5281602003e-01 1.0775800000e+03 2.0000000000e+02 3.0000000000e+06 2.5000000000e+02
2.5406758448e-01 1.0775800000e+03 2.0000000000e+02 3.0000000000e+06 2.5000000000e+02
2.5531914894e-01 1.0775800000e+03 2.0000000000e+02 3.0000000000e+06 2.5000000000e+02
2.5657071339e-01 1.0775800000e+03 2.0000000000e+02 3.0000000000e+06 2.5000000000e+02
2.5782227785e-01 1.0775800000e+03 2.0000000000e+02 3.0000000000e+06 2.5000000000e+02
2.5907384230e-01 1.0775800000e+03 2.0000000000e+02 3.0000000000e+06 2.5000000000e+02
2.6032540676e-01 1.0775800000e+03 2.0000000000e+02 3.0000000000e+06 2.5000000000e+02
2.6157697121e-01 1.0775800000e+03 2.0000000000e+02 3.0000000000e+06 2.5000000000e+02
2.6282853567e-01 1.0775800000e+03 2.0000000000e+02 3.0000000000e+06 2.5000000000e+02
2.6408010013e-01 1.0775800000e+03 2.0000000000e+02 3.0000000000e+06 2.5000000000e+02
2.6533166458e-01 1.0775800000e+03 2.0000000000e+02 3.0000000000e+06 2.5000000000e+02
2.6658322904e-01 1.0775800000e+03 2.0000000000e+02 3.0000000000e+06 2.5000000000e+02
2.6783479349e-01 1.0775800000e+03 2.0000000000e+02 3.0000000000e+06 2.5000000000e+02
2.6908635795e-01 1.0775800000e+03 2.0000000000e+02 3.0000000000e+06 2.5000000000e+02
2.7033792240e-01 1.0775800000e+03 2.0000000000e+02 3.0000000000e+06 2.5000000000e+02
2.7158948686e-01 1.0775800000e+03 2.0000000000e+02 3.0000000000e+06 2.5000000000e+02
2.7284105131e-01 1.0775800000e+03 2.0000000000e+02 3.0000000000e+06 2.5000000000e+02
2.7409261577e-01 1.0775800000e+03 2.0000000000e+02 3.0000000000e+06 2.5000000000e+02
2.7534418023e-01 1.0775800000e+03 2.0000000000e+02 3.0000000000e+06 2.5000000000e+02
2.7659574468e-01 1.0775800000e+03 2.0000000000e+02 3.0000000000e+06 2.5000000000e+02
2.7784730914e-01 1.0775800000e+03 2.0000000000e+02 3.0000000000e+06 2.5000000000e+02
2.7909887359e-01 1.0775800000e+03 2.0000000000e+02 3.0000000000e+06 2.5000000000e+02
2.8035043805e-01 1.0775800000e+03 2.0000000000e+02 3.0000000000e+06 2.5000000000e+02
2.8160200250e-01 1.0775800000e+03 2.0000000000e+02 3.0000000000e+06 2.5000000000e+02
2.8285356696e-01 1.0775800000e+03 2.0000000000e+02 3.0000000000e+06 2.5000000000e+02
2.8410513141e-01 1.0775800000e+03 2.0000000000e+02 3.0000000000e+06 2.5000000000e+02
2.8535669587e-01 1.0775800000e+03 2.0000000000e+02 3.0000000000e+06 2.5000000000e+02
2.8660826033e-01 1.0775800000e+03 2.0000000000e+02 3.0000000000e+06 2.5000000000e+02
2.8785982478e-01 1.0775800000e+03 2.0000000000e+02 3.0000000000e+06 2.5000000000e+02
2.8911138924e-01 1.0775800000e+03 2.0000000000e+02 3.0000000000e+06 2.5000000000e+02
2.9036295369e-01 1.0775800000e+03 2.0000000000e+02 3.0000000000e+06 2.5000000000e+02
2.9161451815e-01 1.0775800000e+03 2.0000000000e+02 3.0000000000e+06 2.5000000000e+02
2.9286608260e-01 1.0775800000e+03 2.0000000000e+02 3.0000000000e+06 2.5000000000e+02
2.9411764706e-01 1.0775800000e+03 2.0000000000e+02 3.0000000000e+06 2.5000000000e+02
2.9536921151e-01 1.0775800000e+03 2.0000000000e+02 3.0000000000e+06 2.5000000000e+02
2.9662077597e-01 1.0775800000e+03 2.0000000000e+02 3.0000000000e+06 2.5000000000e+02
2.9787234043e-01 1.0775800000e+03 2.0000000000e+02 3.0000000000e+06 2.5000000000e+02
2.9912390488e-01 1.0775800000e+03 2.0000000000e+02 3.0000000000e+06 2.5000000000e+02
3.0037546934e-01 1.0775800000e+03 2.0000000000e+02 3.0000000000e+06 2.5000000000e+02
3.0162703379e-01 1.0775800000e+03 2.0000000000e+02 3.0000000000e+06 2.5000000000e+02
3.0287859825e-01 1.0775800000e+03 2.0000000000e+02 3.0000000000e+06 2.5000000000e+02
3.0413016270e-01 1.0775800000e+03 2.0000000000e+02 3.0000000000e+06 2.5000000000e+02
3.0538172716e-01 1.0775800000e+03 2.0000000000e+02 3.0000000000e+06 2.5000000000e+02
3.0663329161e-01 1.0775800000e+03 2.0000000000e+02 3.0000000000e+06 2.5000000000e+02
3.0788485607e-01 1.0775800000e+03 2.0000000000e+02 3.0000000000e+06 2.5000000000e+02
3.0913642053e-01 1.0775800000e+03 2.0000000000e+02 3.0000000000e+06 2.5000000000e+02
3.1038798498e-01 1.0775800000e+03 2.0000000000e+02 3.0000000000e+06 2.5000000000e+02
3.1163954944e-01 1.0775800000e+03 2.0000000000e+02 3.0000000000e+06 2.5000000000e+02
3.1289111389e-01 1.0775800000e+03 2.0000000000e+02 3.0000000000e+06 2.5000000000e+02
3.1414267835e-01 1.0775800000e+03 2.0000000000e+02 3.0000000000e+06 2.5000000000e+02
3.1539424280e-01 1.0775800000e+03 2.0000000000e+02 3.0000000000e+06 2.5000000000e+02
3.1664580726e-01 1.0775800000e+03 2.0000000000e+02 3.0000000000e+06 2.5000000000e+02
3.1789737171e-01 1.0775800000e+03 2.0000000000e+02 3.0000000000e+06 2.5000000000e+02
3.1914893617e-01 1.0775800000e+03 2.0000000000e+02 3.0000000000e+06 2.5000000000e+02
3.2040050063e-01 1.0775800000e+03 2.0000000000e+02 3.0000000000e+06 2.5000000000e+02
3.2165206508e-01 1.0775800000e+03 2.0000000000e+02 3.0000000000e+06 2.5000000000e+02
3.2290362954e-01 1.0775800000e+03 2.0000000000e+02 3.0000000000e+06 2.5000000000e+02
3.2415519399e-01 1.0775800000e+03 2.0000000000e+02 3.0000000000e+06 2.5000000000e+02
3.2540675845e-01 1.0775800000e+03 2.0000000000e+02 3.0000000000e+06 2.5000000000e+02
3.2665832290e-01 1.0775800000e+03 2.0000000000e+02 3.0000000000e+06 2.5000000000e+02
3.2790988736e-01 1.0775800000e+03 2.0000000000e+02 3.0000000000e+06 2.5000000000e+02
3.2916145181e-01 1.0775800000e+03 2.0000000000e+02 3.0000000000e+06 2.5000000000e+02
3.3041301627e-01 1.0775800000e+03 2.0000000000e+02 3.0000000000e+06 2.5000000000e+02
3.3166458073e-01 1.0775800000e+03 2.0000000000e+02 3.0000000000e+06 2.5000000000e+02
3.3291614518e-01 1.0775800000e+03 2.0000000000e+02 3.0000000000e+06 2.5000000000e+02
3.3416770964e-01 1.0775800000e+03 2.0000000000e+02 3.0000000000e+06 2.5000000000e+02
3.3541927409e-01 1.0775800000e+03 2.0000000000e+02 3.0000000000e+06 2.5000000000e+02
3.3667083855e-01 1.0775800000e+03 2.0000000000e+02 3.0000000000e+06 2.5000000000e+02
3.3792240300e-01 1.0775800000e+03 2.0000000000e+02 3.0000000000e+06 2.5000000000e+02
3.3917396746e-01 1.0775800000e+03 2.0000000000e+02 3.0000000000e+06 2.5000000000e+02
3.4042553191e-01 1.0775800000e+03 2.0000000000e+02 3.0000000000e+06 2.5000000000e+02
3.4167709637e-01 1.0775800000e+03 2.0000000000e+02 3.0000000000e+06 2.5000000000e+02
3.4292866083e-01 1.0775800000e+03 2.0000000000e+02 3.0000000000e+06 2.5000000000e+02
3.4418022528e-01 1.0775800000e+03 2.0000000000e+02 3.0000000000e+06 2.5000000000e+02
3.4543178974e-01 1.0775800000e+03 2.0000000000e+02 3.0000000000e+06 2.5000000000e+02
3.4668335419e-01 1.0775800000e+03 2.0000000000e+02 3.0000000000e+06 2.5000000000e+02
3.4793491865e-01 1.0775800000e+03 2.0000000000e+02 3.0000000000e+06 2.5000000000e+02
3.4918648310e-01 1.0775800000e+03 2.0000000000e+02 3.0000000000e+06 2.5000000000e+02
3.5043804756e-01 1.0775800000e+03 2.0000000000e+02 3.0000000000e+06 2.5000000000e+02
3.5168961202e-01 1.0775800000e+03 2.0000000000e+02 3.0000000000e+06 2.5000000000e+02
3.5294117647e-01 1.0775800000e+03 2.0000000000e+02 3.0000000000e+06 2.5000000000e+02
3.5419274093e-01 1.0775800000e+03 2.0000000000e+02 3.0000000000e+06 2.5000000000e+02
3.5544430538e-01 1.0775800000e+03 2.0000000000e+02 3.0000000000e+06 2.5000000000e+02
3.5669586984e-01 1.0775800000e+03 2.0000000000e+02 3.0000000000e+06 2.5000000000e+02
3.5794743429e-01 1.0775800000e+03 2.0000000000e+02 3.0000000000e+06 2.5000000000e+02
3.5919899875e-01 1.0775800000e+03 2.0000000000e+02 3.0000000000e+06 2.5000000000e+02
3.6045056320e-01 1.0775800000e+03 2.0000000000e+02 3.0000000000e+06 2.5000000000e+02
3.6170212766e-01 1.0775800000e+03 2.0000000000e+02 3.0000000000e+06 2.5000000000e+02
3.6295369212e-01 1.0775800000e+03 2.0000000000e+02 3.0000000000e+06 2.5000000000e+02
3.6420525657e-01 1.0775800000e+03 2.0000000000e+02 3.0000000000e+06 2.5000000000e+02
3.6545682103e-01 1.0775800000e+03 2.0000000000e+02 3.0000000000e+06 2.5000000000e+02
3.6670838548e-01 1.0775800000e+03 2.0000000000e+02 3.0000000000e+06 2.5000000000e+02
3.6795994994e-01 1.0775800000e+03 2.0000000000e+02 3.0000000000e+06 2.5000000000e+02
3.6921151439e-01 1.0775800000e+03 2.0000000000e+02 3.0000000000e+06 2.5000000000e+02
3.7046307885e-01 1.0775800000e+03 2.0000000000e+02 3.0000000000e+06 2.5000000000e+02
3.7171464330e-01 1.0775800000e+03 2.0000000000e+02 3.0000000000e+06 2.5000000000e+02
3.7296620776e-01 1.0775800000e+03 2.0000000000e+02 3.0000000000e+06 2.5000000000e+02
3.7421777222e-01 1.0775800000e+03 2.0000000000e+02 3.0000000000e+06 2.5000000000e+02
3.7546933667e-01 1.0775800000e+03 2.0000000000e+02 3.0000000000e+06 2.5000000000e+02
3.7672090113e-01 1.0775800000e+03 2.0000000000e+02 3.0000000000e+06 2.5000000000e+02
3.7797246558e-01 1.0775800000e+03 2.0000000000e+02 3.0000000000e+06 2.5000000000e+02
3.7922403004e-01 1.0775800000e+03 2.0000000000e+02 3.0000000000e+06 2.5000000000e+02
3.8047559449e-01 1.0775800000e+03 2.0000000000e+02 3.0000000000e+06 2.5000000000e+02
3.8172715895e-01 1.0775800000e+03 2.0000000000e+02 3.0000000000e+06 2.5000000000e+02
3.8297872340e-01 1.0775800000e+03 2.0000000000e+02 3.0000000000e+06 2.5000000000e+02
3.8423028786e-01 1.0775800000e+03 2.0000000000e+02 3.0000000000e+06 2.5000000000e+02
3.8548185232e-01 1.0775800000e+03 2.0000000000e+02 3.0000000000e+06 2.5000000000e+02
3.8673341677e-01 1.0775800000e+03 2.0000000000e+02 3.0000000000e+06 2.5000000000e+02
3.8798498123e-01 1.0775800000e+03 2.0000000000e+02 3.0000000000e+06 2.5000000000e+02
3.8923654568e-01 1.0775800000e+03 2.0000000000e+02 3.0000000000e+06 2.5000000000e+02
3.9048811014e-01 1.0775800000e+03 2.0000000000e+02 3.0000000000e+06 2.5000000000e+02
3.9173967459e-01 1.0775800000e+03 2.0000000000e+02 3.0000000000e+06 2.5000000000e+02
3.9299123905e-01 1.0775800000e+03 2.0000000000e+02 3.0000000000e+06 2.5000000000e+02
3.9424280350e-01 1.0775800000e+03 2.0000000000e+02 3.0000000000e+06 2.5000000000e+02
3.9549436796e-01 1.0775800000e+03 2.0000000000e+02 3.0000000000e+06 2.5000000000e+02
3.9674593242e-01 1.0775800000e+03 2.0000000000e+02 3.0000000000e+06 2.5000000000e+02
3.9799749687e-01 1.0775800000e+03 2.0000000000e+02 3.0000000000e+06 2.5000000000e+02
3.9924906133e-01 1.0775800000e+03 2.0000000000e+02 3.0000000000e+06 2.5000000000e+02
4.0050062578e-01 1.0775800000e+03 2.0000000000e+02 3.0000000000e+06 2.5000000000e+02
4.0175219024e-01 1.0775800000e+03 2.0000000000e+02 3.0000000000e+06 2.5000000000e+02
4.0300375469e-01 1.0775800000e+03 2.0000000000e+02 3.0000000000e+06 2.5000000000e+02
4.0425531915e-01 1.0775800000e+03 2.0000000000e+02 3.0000000000e+06 2.5000000000e+02
4.0550688360e-01 1.0775800000e+03 2.0000000000e+02 3.0000000000e+06 2.5000000000e+02
4.0675844806e-01 1.0775800000e+03 2.0000000000e+02 3.0000000000e+06 2.5000000000e+02
4.0801001252e-01 1.0775800000e+03 2.0000000000e+02 3.0000000000e+06 2.5000000000e+02
4.0926157697e-01 1.0775800000e+03 2.0000000000e+02 3.0000000000e+06 2.5000000000e+02
4.1051314143e-01 1.0775800000e+03 2.0000000000e+02 3.0000000000e+06 2.5000000000e+02
4.1176470588e-01 1.0775800000e+03 2.0000000000e+02 3.0000000000e+06 2.5000000000e+02
4.1301627034e-01 1.0775800000e+03 2.0000000000e+02 3.0000000000e+06 2.5000000000e+02
4.1426783479e-01 1.0775800000e+03 2.0000000000e+02 3.0000000000e+06 2.5000000000e+02
4.1551939925e-01 1.0775800000e+03 2.0000000000e+02 3.0000000000e+06 2.5000000000e+02
4.1677096370e-01 1.0775800000e+03 2.0000000000e+02 3.0000000000e+06 2.5000000000e+02
4.1802252816e-01 1.0775800000e+03 2.0000000000e+02 3.0000000000e+06 2.5000000000e+02
4.1927409262e-01 1.0775800000e+03 2.0000000000e+02 3.0000000000e+06 2.5000000000e+02
4.2052565707e-01 1.0775800000e+03 2.0000000000e+02 3.0000000000e+06 2.5000000000e+02
4.2177722153e-01 1.0775800000e+03 2.0000000000e+02 3.0000000000e+06 2.5000000000e+02
4.2302878598e-01 1.0775800000e+03 2.0000000000e+02 3.0000000000e+06 2.5000000000e+02
4.2428035044e-01 1.0775800000e+03 2.0000000000e+02 3.0000000000e+06 2.5000000000e+02
4.2553191489e-01 1.0775800000e+03 2.0000000000e+02 3.0000000000e+06 2.5000000000e+02
4.2678347935e-01 1.0775800000e+03 2.0000000000e+02 3.0000000000e+06 2.5000000000e+02
4.2803504380e-01 1.0775800000e+03 2.0000000000e+02 3.0000000000e+06 2.5000000000e+02
4.2928660826e-01 1.0775800000e+03 2.0000000000e+02 3.0000000000e+06 2.5000000000e+02
4.3053817272e-01 1.0775800000e+03 2.0000000000e+02 3.0000000000e+06 2.5000000000e+02
4.3178973717e-01 1.0775800000e+03 2.0000000000e+02 3.0000000000e+06 2.5000000000e+02
4.3304130163e-01 1.0775800000e+03 2.0000000000e+02 3.0000000000e+06 2.5000000000e+02
4.3429286608e-01 1.0775800000e+03 2.0000000000e+02 3.0000000000e+06 2.5000000000e+02
4.3554443054e-01 1.0775800000e+03 2.0000000000e+02 3.0000000000e+06 2.5000000000e+02
4.3679599499e-01 1.0775800000e+03 2.0000000000e+02 3.0000000000e+06 2.5000000000e+02
4.3804755945e-01 1.0775800000e+03 2.0000000000e+02 3.0000000000e+06 2.5000000000e+02
4.3929912390e-01 1.0775800000e+03 2.0000000000e+02 3.0000000000e+06 2.5000000000e+02
4.4055068836e-01 1.0775800000e+03 2.0000000000e+02 3.0000000000e+06 2.5000000000e+02
4.4180225282e-01 1.0775800000e+03 2.0000000000e+02 3.0000000000e+06 2.5000000000e+02
4.4305381727e-01 1.0775800000e+03 2.0000000000e+02 3.0000000000e+06 2.5000000000e+02
4.4430538173e-01 1.0775800000e+03 2.0000000000e+02 3.0000000000e+06 2.5000000000e+02
4.4555694618e-01 1.0775800000e+03 2.0000000000e+02 3.0000000000e+06 2.5000000000e+02
4.4680851064e-01 1.0775800000e+03 2.0000000000e+02 3.0000000000e+06 2.5000000000e+02
4.4806007509e-01 1.0775800000e+03 2.0000000000e+02 3.0000000000e+06 2.5000000000e+02
4.4931163955e-01 1.0775800000e+03 2.0000000000e+02 3.0000000000e+06 2.5000000000e+02
4.5056320401e-01 1.0775800000e+03 2.0000000000e+02 3.0000000000e+06 2.5000000000e+02
4.5181476846e-01 1.0775800000e+03 2.0000000000e+02 3.0000000000e+06 2.5000000000e+02
4.5306633292e-01 1.0775800000e+03 2.0000000000e+02 3.0000000000e+06 2.5000000000e+02
4.5431789737e-01 1.0775800000e+03 2.0000000000e+02 3.0000000000e+06 2.5000000000e+02
4.5556946183e-01 1.0775800000e+03 2.0000000000e+02 3.0000000000e+06 2.5000000000e+02
4.5682102628e-01 1.0775800000e+03 2.0000000000e+02 3.0000000000e+06 2.5000000000e+02
4.5807259074e-01 1.0775800000e+03 2.0000000000e+02 3.0000000000e+06 2.5000000000e+02
4.5932415519e-01 1.0775800000e+03 2.0000000000e+02 3.0000000000e+06 2.5000000000e+02
4.6057571965e-01 1.0775800000e+03 2.0000000000e+02 3.0000000000e+06 2.5000000000e+02
4.6182728411e-01 1.0775800000e+03 2.0000000000e+02 3.0000000000e+06 2.5000000000e+02
4.6307884856e-01 1.0775800000e+03 2.0000000000e+02 3.0000000000e+06 2.5000000000e+02
4.6433041302e-01 1.0775800000e+03 2.0000000000e+02 3.0000000000e+06 2.5000000000e+02
4.6558197747e-01 1.0775800000e+03 2.0000000000e+02 3.0000000000e+06 2.5000000000e+02
4.6683354193e-01 1.0775800000e+03 2.0000000000e+02 3.0000000000e+06 2.5000000000e+02
4.6808510638e-01 1.0775800000e+03 2.0000000000e+02 3.0000000000e+06 2.5000000000e+02
4.6933667084e-01 1.0775800000e+03 2.0000000000e+02 3.0000000000e+06 2.5000000000e+02
4.7058823529e-01 1.0775800000e+03 2.0000000000e+02 3.0000000000e+06 2.5000000000e+02
4.7183979975e-01 1.0775800000e+03 2.0000000000e+02 3.0000000000e+06 2.5000000000e+02
4.7309136421e-01 1.0775800000e+03 2.0000000000e+02 3.0000000000e+06 2.5000000000e+02
4.7434292866e-01 1.0775800000e+03 2.0000000000e+02 3.0000000000e+06 2.5000000000e+02
4.7559449312e-01 1.0775800000e+03 2.0000000000e+02 3.0000000000e+06 2.5000000000e+02
4.7684605757e-01 1.0775800000e+03 2.0000000000e+02 3.0000000000e+06 2.5000000000e+02
4.7809762203e-01 1.0775800000e+03 2.0000000000e+02 3.0000000000e+06 2.5000000000e+02
4.7934918648e-01 1.0775800000e+03 2.0000000000e+02 3.0000000000e+06 2.5000000000e+02
4.8060075094e-01 1.0775800000e+03 2.0000000000e+02 3.0000000000e+06 2.5000000000e+02
4.8185231539e-01 1.0775800000e+03 2.0000000000e+02 3.0000000000e+06 2.5000000000e+02
4.8310387985e-01 1.0775800000e+03 2.0000000000e+02 3.0000000000e+06 2.5000000000e+02
4.8435544431e-01 1.0775800000e+03 2.0000000000e+02 3.0000000000e+06 2.5000000000e+02
4.8560700876e-01 1.0775800000e+03 2.0000000000e+02 3.0000000000e+06 2.5000000000e+02
4.8685857322e-01 1.0775800000e+03 2.0000000000e+02 3.0000000000e+06 2.5000000000e+02
4.8811013767e-01 1.0775800000e+03 2.0000000000e+02 3.0000000000e+06 2.5000000000e+02
4.8936170213e-01 1.0775800000e+03 2.0000000000e+02 3.0000000000e+06 2.5000000000e+02
4.9061326658e-01 1.0775800000e+03 2.0000000000e+02 3.0000000000e+06 2.5000000000e+02
4.9186483104e-01 1.0775800000e+03 2.0000000000e+02 3.0000000000e+06 2.5000000000e+02
4.9311639549e-01 1.0775800000e+03 2.0000000000e+02 3.0000000000e+06 2.5000000000e+02
4.9436795995e-01 1.0775800000e+03 2.0000000000e+02 3.0000000000e+06 2.5000000000e+02
4.9561952441e-01 1.0775800000e+03 2.0000000000e+02 3.0000000000e+06 2.5000000000e+02
4.9687108886e-01 1.0775800000e+03 2.0000000000e+02 3.0000000000e+06 2.5000000000e+02
4.9812265332e-01 1.0775800000e+03 2.0000000000e+02 3.0000000000e+06 2.5000000000e+02
4.9937421777e-01 1.0775800000e+03 2.0000000000e+02 3.0000000000e+06 2.5000000000e+02
5.0062578223e-01 1.0775800000e+03 2.0000000000e+02 3.0000000000e+06 2.5000000000e+02
5.0187734668e-01 1.0775800000e+03 2.0000000000e+02 3.0000000000e+06 2.5000000000e+02
5.0312891114e-01 1.0775800000e+03 2.0000000000e+02 3.0000000000e+06 2.5000000000e+02
5.0438047559e-01 1.0775800000e+03 2.0000000000e+02 3.0000000000e+06 2.5000000000e+02
5.0563204005e-01 1.0775800000e+03 2.0000000000e+02 3.0000000000e+06 2.5000000000e+02
5.0688360451e-01 1.0775800000e+03 2.0000000000e+02 3.0000000000e+06 2.5000000000e+02
5.0813516896e-01 1.0775800000e+03 2.0000000000e+02 3.0000000000e+06 2.5000000000e+02
5.0938673342e-01 1.0775800000e+03 2.0000000000e+02 3.0000000000e+06 2.5000000000e+02
5.1063829787e-01 1.0775800000e+03 2.0000000000e+02 3.0000000000e+06 2.5000000000e+02
5.1188986233e-01 1.0775800000e+03 2.0000000000e+02 3.0000000000e+06 2.5000000000e+02
5.1314142678e-01 1.0775800000e+03 2.0000000000e+02 3.0000000000e+06 2.5000000000e+02
5.1439299124e-01 1.0775800000e+03 2.0000000000e+02 3.0000000000e+06 2.5000000000e+02
5.1564455569e-01 1.0775800000e+03 2.0000000000e+02 3.0000000000e+06 2.5000000000e+02
5.1689612015e-01 1.0775800000e+03 2.0000000000e+02 3.0000000000e+06 2.5000000000e+02
5.1814768461e-01 1.0775800000e+03 2.0000000000e+02 3.0000000000e+06 2.5000000000e+02
5.1939924906e-01 1.0775800000e+03 2.0000000000e+02 3.0000000000e+06 2.5000000000e+02
5.2065081352e-01 1.0775800000e+03 2.0000000000e+02 3.0000000000e+06 2.5000000000e+02
5.2190237797e-01 1.0775800000e+03 2.0000000000e+02 3.0000000000e+06 2.5000000000e+02
5.2315394243e-01 1.0775800000e+03 2.0000000000e+02 3.0000000000e+06 2.5000000000e+02
5.2440550688e-01 1.0775800000e+03 2.0000000000e+02 3.0000000000e+06 2.5000000000e+02
5.2565707134e-01 1.0775800000e+03 2.0000000000e+02 3.0000000000e+06 2.5000000000e+02
5.2690863579e-01 1.0775800000e+03 2.0000000000e+02 3.0000000000e+06 2.5000000000e+02
5.2816020025e-01 1.0775800000e+03 2.0000000000e+02 3.0000000000e+06 2.5000000000e+02
5.2941176471e-01 1.0775800000e+03 2.0000000000e+02 3.0000000000e+06 2.5000000000e+02
5.3066332916e-01 1.0775800000e+03 2.0000000000e+02 3.0000000000e+06 2.5000000000e+02
5.3191489362e-01 1.0775800000e+03 2.0000000000e+02 3.0000000000e+06 2.5000000000e+02
5.3316645807e-01 1.0775800000e+03 2.0000000000e+02 3.0000000000e+06 2.5000000000e+02
5.3441802253e-01 1.0775800000e+03 2.0000000000e+02 3.0000000000e+06 2.5000000000e+02
5.3566958698e-01 1.0775800000e+03 2.0000000000e+02 3.0000000000e+06 2.5000000000e+02
5.3692115144e-01 1.0775800000e+03 2.0000000000e+02 3.0000000000e+06 2.5000000000e+02
5.3817271589e-01 1.0775800000e+03 2.0000000000e+02 3.0000000000e+06 2.5000000000e+02
5.3942428035e-01 1.0775800000e+03 2.0000000000e+02 3.0000000000e+06 2.5000000000e+02
5.4067584481e-01 1.0775800000e+03 2.0000000000e+02 3.0000000000e+06 2.5000000000e+02
5.4192740926e-01 1.0775800000e+03 2.0000000000e+02 3.0000000000e+06 2.5000000000e+02
5.4317897372e-01 1.0775800000e+03 2.0000000000e+02 3.0000000000e+06 2.5000000000e+02
5.4443053817e-01 1.0775800000e+03 2.0000000000e+02 3.0000000000e+06 2.5000000000e+02
5.4568210263e-01 1.0775800000e+03 2.0000000000e+02 3.0000000000e+06 2.5000000000e+02
5.4693366708e-01 1.0775800000e+03 2.0000000000e+02 3.0000000000e+06 2.5000000000e+02
5.4818523154e-01 1.0775800000e+03 2.0000000000e+02 3.0000000000e+06 2.5000000000e+02
5.4943679599e-01 1.0775800000e+03 2.0000000000e+02 3.0000000000e+06 2.5000000000e+02
5.5068836045e-01 1.0775800000e+03 2.0000000000e+02 3.0000000000e+06 2.5000000000e+02
5.5193992491e-01 1.0775800000e+03 2.0000000000e+02 3.0000000000e+06 2.5000000000e+02
5.5319148936e-01 1.0775800000e+03 2.0000000000e+02 3.0000000000e+06 2.5000000000e+02
5.5444305382e-01 1.0775800000e+03 2.0000000000e+02 3.0000000000e+06 2.5000000000e+02
5.5569461827e-01 1.0775800000e+03 2.0000000000e+02 3.0000000000e+06 2.5000000000e+02
5.5694618273e-01 1.0775800000e+03 2.0000000000e+02 3.0000000000e+06 2.5000000000e+02
5.5819774718e-01 1.0775800000e+03 2.0000000000e+02 3.0000000000e+06 2.5000000000e+02
5.5944931164e-01 1.0775800000e+03 2.0000000000e+02 3.0000000000e+06 2.5000000000e+02
5.6070087610e-01 1.0775800000e+03 2.0000000000e+02 3.0000000000e+06 2.5000000000e+02
5.6195244055e-01 1.0775800000e+03 2.0000000000e+02 3.0000000000e+06 2.5000000000e+02
5.6320400501e-01 1.0775800000e+03 2.0000000000e+02 3.0000000000e+06 2.5000000000e+02
5.6445556946e-01 1.0775800000e+03 2.0000000000e+02 3.0000000000e+06 2.5000000000e+02
5.6570713392e-01 1.0775800000e+03 2.0000000000e+02 3.0000000000e+06 2.5000000000e+02
5.6695869837e-01 1.0775800000e+03 2.0000000000e+02 3.0000000000e+06 2.5000000000e+02
5.6821026283e-01 1.0775800000e+03 2.0000000000e+02 3.0000000000e+06 2.5000000000e+02
5.6946182728e-01 1.0775800000e+03 2.0000000000e+02 3.0000000000e+06 2.5000000000e+02
5.7071339174e-01 1.0775800000e+03 2.0000000000e+02 3.0000000000e+06 2.5000000000e+02
5.7196495620e-01 1.0775800000e+03 2.0000000000e+02 3.0000000000e+06 2.5000000000e+02
5.7321652065e-01 1.0775800000e+03 2.0000000000e+02 3.0000000000e+06 2.5000000000e+02
5.7446808511e-01 1.0775800000e+03 2.0000000000e+02 3.0000000000e+06 2.5000000000e+02
5.7571964956e-01 1.0775800000e+03 2.0000000000e+02 3.0000000000e+06 2.5000000000e+02
5.7697121402e-01 1.0775800000e+03 2.0000000000e+02 3.0000000000e+06 2.5000000000e+02
5.7822277847e-01 1.0775800000e+03 2.0000000000e+02 3.0000000000e+06 2.5000000000e+02
5.7947434293e-01 1.0775800000e+03 2.0000000000e+02 3.0000000000e+06 2.5000000000e+02
5.8072590738e-01 1.0775800000e+03 2.0000000000e+02 3.0000000000e+06 2.5000000000e+02
5.8197747184e-01 1.0775800000e+03 2.0000000000e+02 3.0000000000e+06 2.5000000000e+02
5.8322903630e-01 1.0775800000e+03 2.0000000000e+02 3.0000000000e+06 2.5000000000e+02
5.8448060075e-01 1.0775800000e+03 2.0000000000e+02 3.0000000000e+06 2.5000000000e+02
5.8573216521e-01 1.0775800000e+03 2.0000000000e+02 3.0000000000e+06 2.5000000000e+02
5.8698372966e-01 1.0775800000e+03 2.0000000000e+02 3.0000000000e+06 2.5000000000e+02
5.8823529412e-01 1.0775800000e+03 2.0000000000e+02 3.0000000000e+06 2.5000000000e+02
5.8948685857e-01 1.0775800000e+03 2.0000000000e+02 3.0000000000e+06 2.5000000000e+02
5.9073842303e-01 1.0775800000e+03 2.0000000000e+02 3.0000000000e+06 2.5000000000e+02
5.9198998748e-01 1.0775800000e+03 2.0000000000e+02 3.0000000000e+06 2.5000000000e+02
5.9324155194e-01 1.0775800000e+03 2.0000000000e+02 3.0000000000e+06 2.5000000000e+02
5.9449311640e-01 1.0775800000e+03 2.0000000000e+02 3.0000000000e+06 2.5000000000e+02
5.9574468085e-01 1.0775800000e+03 2.0000000000e+02 3.0000000000e+06 2.5000000000e+02
5.9699624531e-01 1.0775800000e+03 2.0000000000e+02 3.0000000000e+06 2.5000000000e+02
5.9824780976e-01 1.0775800000e+03 2.0000000000e+02 3.0000000000e+06 2.5000000000e+02
5.9949937422e-01 1.0775800000e+03 2.0000000000e+02 3.0000000000e+06 2.5000000000e+02
6.0075093867e-01 1.0775800000e+03 2.0000000000e+02 3.0000000000e+06 2.5000000000e+02
6.0200250313e-01 1.0775800000e+03 2.0000000000e+02 3.0000000000e+06 2.5000000000e+02
6.0325406758e-01 1.0775800000e+03 2.0000000000e+02 3.0000000000e+06 2.5000000000e+02
6.0450563204e-01 1.0775800000e+03 2.0000000000e+02 3.0000000000e+06 2.5000000000e+02
6.0575719650e-01 1.0775800000e+03 2.0000000000e+02 3.0000000000e+06 2.5000000000e+02
6.0700876095e-01 1.0775800000e+03 2.0000000000e+02 3.0000000000e+06 2.5000000000e+02
6.0826032541e-01 1.0775800000e+03 2.0000000000e+02 3.0000000000e+06 2.5000000000e+02
6.0951188986e-01 1.0775800000e+03 2.0000000000e+02 3.0000000000e+06 2.5000000000e+02
6.1076345432e-01 1.0775800000e+03 2.0000000000e+02 3.0000000000e+06 2.5000000000e+02
6.1201501877e-01 1.0775800000e+03 2.0000000000e+02 3.0000000000e+06 2.5000000000e+02
6.1326658323e-01 1.0775800000e+03 2.0000000000e+02 3.0000000000e+06 2.5000000000e+02
6.1451814768e-01 1.0775800000e+03 2.0000000000e+02 3.0000000000e+06 2.5000000000e+02
6.1576971214e-01 1.0775800000e+03 2.0000000000e+02 3.0000000000e+06 2.5000000000e+02
6.1702127660e-01 1.0775800000e+03 2.0000000000e+02 3.0000000000e+06 2.5000000000e+02
6.1827284105e-01 1.0775800000e+03 2.0000000000e+02 3.0000000000e+06 2.5000000000e+02
6.1952440551e-01 1.0775800000e+03 2.0000000000e+02 3.0000000000e+06 2.5000000000e+02
6.2077596996e-01 1.0775800000e+03 2.0000000000e+02 3.0000000000e+06 2.5000000000e+02
6.2202753442e-01 1.0775800000e+03 2.0000000000e+02 3.0000000000e+06 2.5000000000e+02
6.2327909887e-01 1.0775800000e+03 2.0000000000e+02 3.0000000000e+06 2.5000000000e+02
6.2453066333e-01 1.0775800000e+03 2.0000000000e+02 3.0000000000e+06 2.5000000000e+02
6.2578222778e-01 1.0775800000e+03 2.0000000000e+02 3.0000000000e+06 2.5000000000e+02
6.2703379224e-01 1.0775800000e+03 2.0000000000e+02 3.0000000000e+06 2.5000000000e+02
6.2828535670e-01 1.0775800000e+03 2.0000000000e+02 3.0000000000e+06 2.5000000000e+02
6.2953692115e-01 1.0775800000e+03 2.0000000000e+02 3.0000000000e+06 2.5000000000e+02
6.3078848561e-01 1.0775800000e+03 2.0000000000e+02 3.0000000000e+06 2.5000000000e+02
6.3204005006e-01 1.0775800000e+03 2.0000000000e+02 3.0000000000e+06 2.5000000000e+02
6.3329161452e-01 1.0775800000e+03 2.0000000000e+02 3.0000000000e+06 2.5000000000e+02
6.3454317897e-01 1.0775800000e+03 2.0000000000e+02 3.0000000000e+06 2.5000000000e+02
6.3579474343e-01 1.0775800000e+03 2.0000000000e+02 3.0000000000e+06 2.5000000000e+02
6.3704630788e-01 6.8564900000e+01 2.0000000000e+02 3.0000000000e+06 2.9000000000e+02
6.3829787234e-01 6.8564900000e+01 2.0000000000e+02 3.0000000000e+06 2.9000000000e+02
6.3954943680e-01 6.8564900000e+01 2.0000000000e+02 3.0000000000e+06 2.9000000000e+02
6.4080100125e-01 6.8564900000e+01 2.0000000000e+02 3.0000000000e+06 2.9000000000e+02
6.4205256571e-01 6.8564900000e+01 2.0000000000e+02 3.0000000000e+06 2.9000000000e+02
6.4330413016e-01 6.8564900000e+01 2.0000000000e+02 3.0000000000e+06 2.9000000000e+02
6.4455569462e-01 6.8564900000e+01 2.0000000000e+02 3.0000000000e+06 2.9000000000e+02
6.4580725907e-01 6.8564900000e+01 2.0000000000e+02 3.0000000000e+06 2.9000000000e+02
6.4705882353e-01 6.8564900000e+01 2.0000000000e+02 3.0000000000e+06 2.9000000000e+02
6.4831038798e-01 6.8564900000e+01 2.0000000000e+02 3.0000000000e+06 2.9000000000e+02
6.4956195244e-01 6.8564900000e+01 2.0000000000e+02 3.0000000000e+06 2.9000000000e+02
6.5081351690e-01 6.8564900000e+01 2.0000000000e+02 3.0000000000e+06 2.9000000000e+02
6.5206508135e-01 6.8564900000e+01 2.0000000000e+02 3.0000000000e+06 2.9000000000e+02
6.5331664581e-01 6.8564900000e+01 2.0000000000e+02 3.0000000000e+06 2.9000000000e+02
6.5456821026e-01 6.8564900000e+01 2.0000000000e+02 3.0000000000e+06 2.9000000000e+02
6.5581977472e-01 6.8564900000e+01 2.0000000000e+02 3.0000000000e+06 2.9000000000e+02
6.5707133917e-01 6.8564900000e+01 2.0000000000e+02 3.0000000000e+06 2.9000000000e+02
6.5832290363e-01 6.8564900000e+01 2.0000000000e+02 3.0000000000e+06 2.9000000000e+02
6.5957446809e-01 6.8564900000e+01 2.0000000000e+02 3.0000000000e+06 2.9000000000e+02
6.6082603254e-01 6.8564900000e+01 2.0000000000e+02 3.0000000000e+06 2.9000000000e+02
6.6207759700e-01 6.8564900000e+01 2.0000000000e+02 3.0000000000e+06 2.9000000000e+02
6.6332916145e-01 6.8564900000e+01 2.0000000000e+02 3.0000000000e+06 2.9000000000e+02
6.6458072591e-01 6.8564900000e+01 2.0000000000e+02 3.0000000000e+06 2.9000000000e+02
6.6583229036e-01 6.8564900000e+01 2.0000000000e+02 3.0000000000e+06 2.9000000000e+02
6.6708385482e-01 6.8564900000e+01 2.0000000000e+02 3.0000000000e+06 2.9000000000e+02
6.6833541927e-01 6.8564900000e+01 2.0000000000e+02 3.0000000000e+06 2.9000000000e+02
6.6958698373e-01 6.8564900000e+01 2.0000000000e+02 3.0000000000e+06 2.9000000000e+02
6.7083854819e-01 6.8564900000e+01 2.0000000000e+02 3.0000000000e+06 2.9000000000e+02
6.7209011264e-01 6.8564900000e+01 2.0000000000e+02 3.0000000000e+06 2.9000000000e+02
6.7334167710e-01 6.8564900000e+01 2.0000000000e+02 3.0000000000e+06 2.9000000000e+02
6.7459324155e-01 6.8564900000e+01 2.0000000000e+02 3.0000000000e+06 2.9000000000e+02
6.7584480601e-01 6.8564900000e+01 2.0000000000e+02 3.0000000000e+06 2.9000000000e+02
6.7709637046e-01 6.8564900000e+01 2.0000000000e+02 3.0000000000e+06 2.9000000000e+02
6.7834793492e-01 6.8564900000e+01 2.0000000000e+02 3.0000000000e+06 2.9000000000e+02
6.7959949937e-01 6.8564900000e+01 2.0000000000e+02 3.0000000000e+06 2.9000000000e+02
6.8085106383e-01 6.8564900000e+01 2.0000000000e+02 3.0000000000e+06 2.9000000000e+02
6.8210262829e-01 6.8564900000e+01 2.0000000000e+02 3.0000000000e+06 2.9000000000e+02
6.8335419274e-01 6.8564900000e+01 2.0000000000e+02 3.0000000000e+06 2.9000000000e+02
6.8460575720e-01 6.8564900000e+01 2.0000000000e+02 3.0000000000e+06 2.9000000000e+02
6.8585732165e-01 6.8564900000e+01 2.0000000000e+02 3.0000000000e+06 2.9000000000e+02
6.8710888611e-01 6.8564900000e+01 2.0000000000e+02 3.0000000000e+06 2.9000000000e+02
6.8836045056e-01 6.8564900000e+01 2.0000000000e+02 3.0000000000e+06 2.9000000000e+02
6.8961201502e-01 6.8564900000e+01 2.0000000000e+02 3.0000000000e+06 2.9000000000e+02
6.9086357947e-01 6.8564900000e+01 2.0000000000e+02 3.0000000000e+06 2.9000000000e+02
6.9211514393e-01 6.8564900000e+01 2.0000000000e+02 3.0000000000e+06 2.9000000000e+02
6.9336670839e-01 6.8564900000e+01 2.0000000000e+02 3.0000000000e+06 2.9000000000e+02
6.9461827284e-01 6.8564900000e+01 2.0000000000e+02 3.0000000000e+06 2.9000000000e+02
6.9586983730e-01 6.8564900000e+01 2.0000000000e+02 3.0000000000e+06 2.9000000000e+02
6.9712140175e-01 6.8564900000e+01 2.0000000000e+02 3.0000000000e+06 2.9000000000e+02
6.9837296621e-01 6.8564900000e+01 2.0000000000e+02 3.0000000000e+06 2.9000000000e+02
6.9962453066e-01 6.8564900000e+01 2.0000000000e+02 3.0000000000e+06 2.9000000000e+02
7.0087609512e-01 6.8564900000e+01 2.0000000000e+02 3.0000000000e+06 2.9000000000e+02
7.0212765957e-01 6.8564900000e+01 2.0000000000e+02 3.0000000000e+06 2.9000000000e+02
7.0337922403e-01 6.8564900000e+01 2.0000000000e+02 3.0000000000e+06 2.9000000000e+02
7.0463078849e-01 6.8564900000e+01 2.0000000000e+02 3.0000000000e+06 2.9000000000e+02
7.0588235294e-01 6.8564900000e+01 2.0000000000e+02 3.0000000000e+06 2.9000000000e+02
7.0713391740e-01 6.8564900000e+01 2.0000000000e+02 3.0000000000e+06 2.9000000000e+02
7.0838548185e-01 6.8564900000e+01 2.0000000000e+02 3.0000000000e+06 2.9000000000e+02
7.0963704631e-01 6.8564900000e+01 2.0000000000e+02 3.0000000000e+06 2.9000000000e+02
7.1088861076e-01 6.8564900000e+01 2.0000000000e+02 3.0000000000e+06 2.9000000000e+02
7.1214017522e-01 6.8564900000e+01 2.0000000000e+02 3.0000000000e+06 2.9000000000e+02
7.1339173967e-01 6.8564900000e+01 2.0000000000e+02 3.0000000000e+06 2.9000000000e+02
7.1464330413e-01 6.8564900000e+01 2.0000000000e+02 3.0000000000e+06 2.9000000000e+02
7.1589486859e-01 6.8564900000e+01 2.0000000000e+02 3.0000000000e+06 2.9000000000e+02
7.1714643304e-01 6.8564900000e+01 2.0000000000e+02 3.0000000000e+06 2.9000000000e+02
7.1839799750e-01 6.8564900000e+01 2.0000000000e+02 3.0000000000e+06 2.9000000000e+02
7.1964956195e-01 6.8564900000e+01 2.0000000000e+02 3.0000000000e+06 2.9000000000e+02
7.2090112641e-01 6.8564900000e+01 2.0000000000e+02 3.0000000000e+06 2.9000000000e+02
7.2215269086e-01 6.8564900000e+01 2.0000000000e+02 3.0000000000e+06 2.9000000000e+02
7.2340425532e-01 6.8564900000e+01 2.0000000000e+02 3.0000000000e+06 2.9000000000e+02
7.2465581977e-01 6.8564900000e+01 2.0000000000e+02 3.0000000000e+06 2.9000000000e+02
7.2590738423e-01 6.8564900000e+01 2.0000000000e+02 3.0000000000e+06 2.9000000000e+02
7.2715894869e-01 6.8564900000e+01 2.0000000000e+02 3.0000000000e+06 2.9000000000e+02
7.2841051314e-01 6.8564900000e+01 2.0000000000e+02 3.0000000000e+06 2.9000000000e+02
7.2966207760e-01 6.8564900000e+01 2.0000000000e+02 3.0000000000e+06 2.9000000000e+02
7.3091364205e-01 6.8564900000e+01 2.0000000000e+02 3.0000000000e+06 2.9000000000e+02
7.3216520651e-01 6.8564900000e+01 2.0000000000e+02 3.0000000000e+06 2.9000000000e+02
7.3341677096e-01 6.8564900000e+01 2.0000000000e+02 3.0000000000e+06 2.9000000000e+02
7.3466833542e-01 6.8564900000e+01 2.0000000000e+02 3.0000000000e+06 2.9000000000e+02
7.3591989987e-01 6.8564900000e+01 2.0000000000e+02 3.0000000000e+06 2.9000000000e+02
7.3717146433e-01 6.8564900000e+01 2.0000000000e+02 3.0000000000e+06 2.9000000000e+02
7.3842302879e-01 6.8564900000e+01 2.0000000000e+02 3.0000000000e+06 2.9000000000e+02
7.3967459324e-01 6.8564900000e+01 2.0000000000e+02 3.0000000000e+06 2.9000000000e+02
7.4092615770e-01 6.8564900000e+01 2.0000000000e+02 3.0000000000e+06 2.9000000000e+02
7.4217772215e-01 6.8564900000e+01 2.0000000000e+02 3.0000000000e+06 2.9000000000e+02
7.4342928661e-01 6.8564900000e+01 2.0000000000e+02 3.0000000000e+06 2.9000000000e+02
7.4468085106e-01 6.8564900000e+01 2.0000000000e+02 3.0000000000e+06 2.9000000000e+02
7.4593241552e-01 6.8564900000e+01 2.0000000000e+02 3.0000000000e+06 2.9000000000e+02
7.4718397997e-01 6.8564900000e+01 2.0000000000e+02 3.0000000000e+06 2.9000000000e+02
7.4843554443e-01 6.8564900000e+01 2.0000000000e+02 3.0000000000e+06 2.9000000000e+02
7.4968710889e-01 6.8564900000e+01 2.0000000000e+02 3.0000000000e+06 2.9000000000e+02
7.5093867334e-01 6.8564900000e+01 2.0000000000e+02 3.0000000000e+06 2.9000000000e+02
7.5219023780e-01 6.8564900000e+01 2.0000000000e+02 3.0000000000e+06 2.9000000000e+02
7.5344180225e-01 6.8564900000e+01 2.0000000000e+02 3.0000000000e+06 2.9000000000e+02
7.5469336671e-01 6.8564900000e+01 2.0000000000e+02 3.0000000000e+06 2.9000000000e+02
7.5594493116e-01 6.8564900000e+01 2.0000000000e+02 3.0000000000e+06 2.9000000000e+02
7.5719649562e-01 6.8564900000e+01 2.0000000000e+02 3.0000000000e+06 2.9000000000e+02
7.5844806008e-01 6.8564900000e+01 2.0000000000e+02 3.0000000000e+06 2.9000000000e+02
7.5969962453e-01 6.8564900000e+01 2.0000000000e+02 3.0000000000e+06 2.9000000000e+02
7.6095118899e-01 6.8564900000e+01 2.0000000000e+02 3.0000000000e+06 2.9000000000e+02
7.6220275344e-01 6.8564900000e+01 2.0000000000e+02 3.0000000000e+06 2.9000000000e+02
7.6345431790e-01 6.8564900000e+01 2.0000000000e+02 3.0000000000e+06 2.9000000000e+02
7.6470588235e-01 6.8564900000e+01 2.0000000000e+02 3.0000000000e+06 2.9000000000e+02
7.6595744681e-01 6.8564900000e+01 2.0000000000e+02 3.0000000000e+06 2.9000000000e+02
7.6720901126e-01 6.8564900000e+01 2.0000000000e+02 3.0000000000e+06 2.9000000000e+02
7.6846057572e-01 6.8564900000e+01 2.0000000000e+02 3.0000000000e+06 2.9000000000e+02
7.6971214018e-01 6.8564900000e+01 2.0000000000e+02 3.0000000000e+06 2.9000000000e+02
7.7096370463e-01 6.8564900000e+01 2.0000000000e+02 3.0000000000e+06 2.9000000000e+02
7.7221526909e-01 6.8564900000e+01 2.0000000000e+02 3.0000000000e+06 2.9000000000e+02
7.7346683354e-01 6.8564900000e+01 2.0000000000e+02 3.0000000000e+06 2.9000000000e+02
7.7471839800e-01 6.8564900000e+01 2.0000000000e+02 3.0000000000e+06 2.9000000000e+02
7.7596996245e-01 6.8564900000e+01 2.0000000000e+02 3.0000000000e+06 2.9000000000e+02
7.7722152691e-01 6.8564900000e+01 2.0000000000e+02 3.0000000000e+06 2.9000000000e+02
7.7847309136e-01 6.8564900000e+01 2.0000000000e+02 3.0000000000e+06 2.9000000000e+02
7.7972465582e-01 6.8564900000e+01 2.0000000000e+02 3.0000000000e+06 2.9000000000e+02
7.8097622028e-01 6.8564900000e+01 2.0000000000e+02 3.0000000000e+06 2.9000000000e+02
7.8222778473e-01 6.8564900000e+01 2.0000000000e+02 3.0000000000e+06 2.9000000000e+02
7.8347934919e-01 6.8564900000e+01 2.0000000000e+02 3.0000000000e+06 2.9000000000e+02
7.8473091364e-01 6.8564900000e+01 2.0000000000e+02 3.0000000000e+06 2.9000000000e+02
7.8598247810e-01 6.8564900000e+01 2.0000000000e+02 3.0000000000e+06 2.9000000000e+02
7.8723404255e-01 6.8564900000e+01 2.0000000000e+02 3.0000000000e+06 2.9000000000e+02
7.8848560701e-01 6.8564900000e+01 2.0000000000e+02 3.0000000000e+06 2.9000000000e+02
7.8973717146e-01 6.8564900000e+01 2.0000000000e+02 3.0000000000e+06 2.9000000000e+02
7.9098873592e-01 6.8564900000e+01 2.0000000000e+02 3.0000000000e+06 2.9000000000e+02
7.9224030038e-01 6.8564900000e+01 2.0000000000e+02 3.0000000000e+06 2.9000000000e+02
7.9349186483e-01 6.8564900000e+01 2.0000000000e+02 3.0000000000e+06 2.9000000000e+02
7.9474342929e-01 6.8564900000e+01 2.0000000000e+02 3.0000000000e+06 2.9000000000e+02
7.9599499374e-01 6.8564900000e+01 2.0000000000e+02 3.0000000000e+06 2.9000000000e+02
7.9724655820e-01 6.8564900000e+01 2.0000000000e+02 3.0000000000e+06 2.9000000000e+02
7.9849812265e-01 6.8564900000e+01 2.0000000000e+02 3.0000000000e+06 2.9000000000e+02
7.9974968711e-01 6.8564900000e+01 2.0000000000e+02 3.0000000000e+06 2.9000000000e+02
8.0100125156e-01 6.8564900000e+01 2.0000000000e+02 3.0000000000e+06 2.9000000000e+02
8.0225281602e-01 6.8564900000e+01 2.0000000000e+02 3.0000000000e+06 2.9000000000e+02
8.0350438048e-01 6.8564900000e+01 2.0000000000e+02 3.0000000000e+06 2.9000000000e+02
8.0475594493e-01 6.8564900000e+01 2.0000000000e+02 3.0000000000e+06 2.9000000000e+02
8.0600750939e-01 6.8564900000e+01 2.0000000000e+02 3.0000000000e+06 2.9000000000e+02
8.0725907384e-01 6.8564900000e+01 2.0000000000e+02 3.0000000000e+06 2.9000000000e+02
8.0851063830e-01 6.8564900000e+01 2.0000000000e+02 3.0000000000e+06 2.9000000000e+02
8.0976220275e-01 6.8564900000e+01 2.0000000000e+02 3.0000000000e+06 2.9000000000e+02
8.1101376721e-01 6.8564900000e+01 2.0000000000e+02 3.0000000000e+06 2.9000000000e+02
8.1226533166e-01 6.8564900000e+01 2.0000000000e+02 3.0000000000e+06 2.9000000000e+02
8.1351689612e-01 6.8564900000e+01 2.0000000000e+02 3.0000000000e+06 2.9000000000e+02
8.1476846058e-01 6.8564900000e+01 2.0000000000e+02 3.0000000000e+06 2.9000000000e+02
8.1602002503e-01 6.8564900000e+01 2.0000000000e+02 3.0000000000e+06 2.9000000000e+02
8.1727158949e-01 6.8564900000e+01 2.0000000000e+02 3.0000000000e+06 2.9000000000e+02
8.1852315394e-01 6.8564900000e+01 2.0000000000e+02 3.0000000000e+06 2.9000000000e+02
8.1977471840e-01 6.8564900000e+01 2.0000000000e+02 3.0000000000e+06 2.9000000000e+02
8.2102628285e-01 6.8564900000e+01 2.0000000000e+02 3.0000000000e+06 2.9000000000e+02
8.2227784731e-01 6.8564900000e+01 2.0000000000e+02 3.0000000000e+06 2.9000000000e+02
8.2352941176e-01 6.8564900000e+01 2.0000000000e+02 3.0000000000e+06 2.9000000000e+02
8.2478097622e-01 6.8564900000e+01 2.0000000000e+02 3.0000000000e+06 2.9000000000e+02
8.2603254068e-01 6.8564900000e+01 2.0000000000e+02 3.0000000000e+06 2.9000000000e+02
8.2728410513e-01 6.8564900000e+01 2.0000000000e+02 3.0000000000e+06 2.9000000000e+02
8.2853566959e-01 6.8564900000e+01 2.0000000000e+02 3.0000000000e+06 2.9000000000e+02
8.2978723404e-01 6.8564900000e+01 2.0000000000e+02 3.0000000000e+06 2.9000000000e+02
8.3103879850e-01 6.8564900000e+01 2.0000000000e+02 3.0000000000e+06 2.9000000000e+02
8.3229036295e-01 6.8564900000e+01 2.0000000000e+02 3.0000000000e+06 2.9000000000e+02
8.3354192741e-01 6.8564900000e+01 2.0000000000e+02 3.0000000000e+06 2.9000000000e+02
8.3479349186e-01 6.8564900000e+01 2.0000000000e+02 3.0000000000e+06 2.9000000000e+02
8.3604505632e-01 6.8564900000e+01 2.0000000000e+02 3.0000000000e+06 2.9000000000e+02
8.3729662078e-01 6.8564900000e+01 2.0000000000e+02 3.0000000000e+06 2.9000000000e+02
8.3854818523e-01 6.8564900000e+01 2.0000000000e+02 3.0000000000e+06 2.9000000000e+02
8.3979974969e-01 6.8564900000e+01 2.0000000000e+02 3.0000000000e+06 2.9000000000e+02
8.4105131414e-01 6.8564900000e+01 2.0000000000e+02 3.0000000000e+06 2.9000000000e+02
8.4230287860e-01 6.8564900000e+01 2.0000000000e+02 3.0000000000e+06 2.9000000000e+02
8.4355444305e-01 6.8564900000e+01 2.0000000000e+02 3.0000000000e+06 2.9000000000e+02
8.4480600751e-01 6.8564900000e+01 2.0000000000e+02 3.0000000000e+06 2.9000000000e+02
8.4605757196e-01 6.8564900000e+01 2.0000000000e+02 3.0000000000e+06 2.9000000000e+02
8.4730913642e-01 6.8564900000e+01 2.0000000000e+02 3.0000000000e+06 2.9000000000e+02
8.4856070088e-01 6.8564900000e+01 2.0000000000e+02 3.0000000000e+06 2.9000000000e+02
8.4981226533e-01 6.8564900000e+01 2.0000000000e+02 3.0000000000e+06 2.9000000000e+02
8.5106382979e-01 6.8564900000e+01 2.0000000000e+02 3.0000000000e+06 2.9000000000e+02
8.5231539424e-01 6.8564900000e+01 2.0000000000e+02 3.0000000000e+06 2.9000000000e+02
8.5356695870e-01 6.8564900000e+01 2.0000000000e+02 3.0000000000e+06 2.9000000000e+02
8.5481852315e-01 6.8564900000e+01 2.0000000000e+02 3.0000000000e+06 2.9000000000e+02
8.5607008761e-01 6.8564900000e+01 2.0000000000e+02 3.0000000000e+06 2.9000000000e+02
8.5732165207e-01 6.8564900000e+01 2.0000000000e+02 3.0000000000e+06 2.9000000000e+02
8.5857321652e-01 6.8564900000e+01 2.0000000000e+02 3.0000000000e+06 2.9000000000e+02
8.5982478098e-01 6.8564900000e+01 2.0000000000e+02 3.0000000000e+06 2.9000000000e+02
8.6107634543e-01 6.8564900000e+01 2.0000000000e+02 3.0000000000e+06 2.9000000000e+02
8.6232790989e-01 6.8564900000e+01 2.0000000000e+02 3.0000000000e+06 2.9000000000e+02
8.6357947434e-01 6.8564900000e+01 2.0000000000e+02 3.0000000000e+06 2.9000000000e+02
8.6483103880e-01 6.8564900000e+01 2.0000000000e+02 3.0000000000e+06 2.9000000000e+02
8.6608260325e-01 6.8564900000e+01 2.0000000000e+02 3.0000000000e+06 2.9000000000e+02
8.6733416771e-01 6.8564900000e+01 2.0000000000e+02 3.0000000000e+06 2.9000000000e+02
8.6858573217e-01 6.8564900000e+01 2.0000000000e+02 3.0000000000e+06 2.9000000000e+02
8.6983729662e-01 6.8564900000e+01 2.0000000000e+02 3.0000000000e+06 2.9000000000e+02
8.7108886108e-01 6.8564900000e+01 2.0000000000e+02 3.0000000000e+06 2.9000000000e+02
8.7234042553e-01 6.8564900000e+01 2.0000000000e+02 3.0000000000e+06 2.9000000000e+02
8.7359198999e-01 6.8564900000e+01 2.0000000000e+02 3.0000000000e+06 2.9000000000e+02
8.7484355444e-01 6.8564900000e+01 2.0000000000e+02 3.0000000000e+06 2.9000000000e+02
8.7609511890e-01 6.8564900000e+01 2.0000000000e+02 3.0000000000e+06 2.9000000000e+02
8.7734668335e-01 6.8564900000e+01 2.0000000000e+02 3.0000000000e+06 2.9000000000e+02
8.7859824781e-01 6.8564900000e+01 2.0000000000e+02 3.0000000000e+06 2.9000000000e+02
8.7984981227e-01 6.8564900000e+01 2.0000000000e+02 3.0000000000e+06 2.9000000000e+02
8.8110137672e-01 6.8564900000e+01 2.0000000000e+02 3.0000000000e+06 2.9000000000e+02
8.8235294118e-01 6.8564900000e+01 2.0000000000e+02 3.0000000000e+06 2.9000000000e+02
8.8360450563e-01 6.8564900000e+01 2.0000000000e+02 3.0000000000e+06 2.9000000000e+02
8.8485607009e-01 6.8564900000e+01 2.0000000000e+02 3.0000000000e+06 2.9000000000e+02
8.8610763454e-01 6.8564900000e+01 2.0000000000e+02 3.0000000000e+06 2.9000000000e+02
8.8735919900e-01 6.8564900000e+01 2.0000000000e+02 3.0000000000e+06 2.9000000000e+02
8.8861076345e-01 6.8564900000e+01 2.0000000000e+02 3.0000000000e+06 2.9000000000e+02
8.8986232791e-01 6.8564900000e+01 2.0000000000e+02 3.0000000000e+06 2.9000000000e+02
8.9111389237e-01 6.8564900000e+01 2.0000000000e+02 3.0000000000e+06 2.9000000000e+02
8.9236545682e-01 6.8564900000e+01 2.0000000000e+02 3.0000000000e+06 2.9000000000e+02
8.9361702128e-01 6.8564900000e+01 2.0000000000e+02 3.0000000000e+06 2.9000000000e+02
8.9486858573e-01 6.8564900000e+01 2.0000000000e+02 3.0000000000e+06 2.9000000000e+02
8.9612015019e-01 6.8564900000e+01 2.0000000000e+02 3.0000000000e+06 2.9000000000e+02
8.9737171464e-01 6.8564900000e+01 2.0000000000e+02 3.0000000000e+06 2.9000000000e+02
8.9862327910e-01 6.8564900000e+01 2.0000000000e+02 3.0000000000e+06 2.9000000000e+02
8.9987484355e-01 6.8564900000e+01 2.0000000000e+02 3.0000000000e+06 2.9000000000e+02
9.0112640801e-01 6.8564900000e+01 2.0000000000e+02 3.0000000000e+06 2.9000000000e+02
9.0237797247e-01 6.8564900000e+01 2.0000000000e+02 3.0000000000e+06 2.9000000000e+02
9.0362953692e-01 6.8564900000e+01 2.0000000000e+02 3.0000000000e+06 2.9000000000e+02
9.0488110138e-01 6.8564900000e+01 2.0000000000e+02 3.0000000000e+06 2.9000000000e+02
9.0613266583e-01 6.8564900000e+01 2.0000000000e+02 3.0000000000e+06 2.9000000000e+02
9.0738423029e-01 6.8564900000e+01 2.0000000000e+02 3.0000000000e+06 2.9000000000e+02
9.0863579474e-01 6.8564900000e+01 2.0000000000e+02 3.0000000000e+06 2.9000000000e+02
9.0988735920e-01 6.8564900000e+01 2.0000000000e+02 3.0000000000e+06 2.9000000000e+02
9.1113892365e-01 6.8564900000e+01 2.0000000000e+02 3.0000000000e+06 2.9000000000e+02
9.1239048811e-01 6.8564900000e+01 2.0000000000e+02 3.0000000000e+06 2.9000000000e+02
9.1364205257e-01 6.8564900000e+01 2.0000000000e+02 3.0000000000e+06 2.9000000000e+02
9.1489361702e-01 6.8564900000e+01 2.0000000000e+02 3.0000000000e+06 2.9000000000e+02
9.1614518148e-01 6.8564900000e+01 2.0000000000e+02 3.0000000000e+06 2.9000000000e+02
9.1739674593e-01 6.8564900000e+01 2.0000000000e+02 3.0000000000e+06 2.9000000000e+02
9.1864831039e-01 6.8564900000e+01 2.0000000000e+02 3.0000000000e+06 2.9000000000e+02
9.1989987484e-01 6.8564900000e+01 2.0000000000e+02 3.0000000000e+06 2.9000000000e+02
9.2115143930e-01 6.8564900000e+01 2.0000000000e+02 3.0000000000e+06 2.9000000000e+02
9.2240300375e-01 6.8564900000e+01 2.0000000000e+02 3.0000000000e+06 2.9000000000e+02
9.2365456821e-01 6.8564900000e+01 2.0000000000e+02 3.0000000000e+06 2.9000000000e+02
9.2490613267e-01 6.8564900000e+01 2.0000000000e+02 3.0000000000e+06 2.9000000000e+02
9.2615769712e-01 6.8564900000e+01 2.0000000000e+02 3.0000000000e+06 2.9000000000e+02
9.2740926158e-01 6.8564900000e+01 2.0000000000e+02 3.0000000000e+06 2.9000000000e+02
9.2866082603e-01 6.8564900000e+01 2.0000000000e+02 3.0000000000e+06 2.9000000000e+02
9.2991239049e-01 6.8564900000e+01 2.0000000000e+02 3.0000000000e+06 2.9000000000e+02
9.3116395494e-01 6.8564900000e+01 2.0000000000e+02 3.0000000000e+06 2.9000000000e+02
9.3241551940e-01 6.8564900000e+01 2.0000000000e+02 3.0000000000e+06 2.9000000000e+02
9.3366708385e-01 6.8564900000e+01 2.0000000000e+02 3.0000000000e+06 2.9000000000e+02
9.3491864831e-01 6.8564900000e+01 2.0000000000e+02 3.0000000000e+06 2.9000000000e+02
9.3617021277e-01 6.8564900000e+01 2.0000000000e+02 3.0000000000e+06 2.9000000000e+02
9.3742177722e-01 6.8564900000e+01 2.0000000000e+02 3.0000000000e+06 2.9000000000e+02
9.3867334168e-01 6.8564900000e+01 2.0000000000e+02 3.0000000000e+06 2.9000000000e+02
9.3992490613e-01 6.8564900000e+01 2.0000000000e+02 3.0000000000e+06 2.9000000000e+02
9.4117647059e-01 6.8564900000e+01 2.0000000000e+02 3.0000000000e+06 2.9000000000e+02
9.4242803504e-01 6.8564900000e+01 2.0000000000e+02 3.0000000000e+06 2.9000000000e+02
9.4367959950e-01 6.8564900000e+01 2.0000000000e+02 3.0000000000e+06 2.9000000000e+02
9.4493116395e-01 6.8564900000e+01 2.0000000000e+02 3.0000000000e+06 2.9000000000e+02
9.4618272841e-01 6.8564900000e+01 2.0000000000e+02 3.0000000000e+06 2.9000000000e+02
9.4743429287e-01 6.8564900000e+01 2.0000000000e+02 3.0000000000e+06 2.9000000000e+02
9.4868585732e-01 6.8564900000e+01 2.0000000000e+02 3.0000000000e+06 2.9000000000e+02
9.4993742178e-01 6.8564900000e+01 2.0000000000e+02 3.0000000000e+06 2.9000000000e+02
9.5118898623e-01 6.8564900000e+01 2.0000000000e+02 3.0000000000e+06 2.9000000000e+02
9.5244055069e-01 6.8564900000e+01 2.0000000000e+02 3.0000000000e+06 2.9000000000e+02
9.5369211514e-01 6.8564900000e+01 2.0000000000e+02 3.0000000000e+06 2.9000000000e+02
9.5494367960e-01 6.8564900000e+01 2.0000000000e+02 3.0000000000e+06 2.9000000000e+02
9.5619524406e-01 6.8564900000e+01 2.0000000000e+02 3.0000000000e+06 2.9000000000e+02
9.5744680851e-01 6.8564900000e+01 2.0000000000e+02 3.0000000000e+06 2.9000000000e+02
9.5869837297e-01 6.8564900000e+01 2.0000000000e+02 3.0000000000e+06 2.9000000000e+02
9.5994993742e-01 6.8564900000e+01 2.0000000000e+02 3.0000000000e+06 2.9000000000e+02
9.6120150188e-01 6.8564900000e+01 2.0000000000e+02 3.0000000000e+06 2.9000000000e+02
9.6245306633e-01 6.8564900000e+01 2.0000000000e+02 3.0000000000e+06 2.9000000000e+02
9.6370463079e-01 6.8564900000e+01 2.0000000000e+02 3.0000000000e+06 2.9000000000e+02
9.6495619524e-01 6.8564900000e+01 2.0000000000e+02 3.0000000000e+06 2.9000000000e+02
9.6620775970e-01 6.8564900000e+01 2.0000000000e+02 3.0000000000e+06 2.9000000000e+02
9.6745932416e-01 6.8564900000e+01 2.0000000000e+02 3.0000000000e+06 2.9000000000e+02
9.6871088861e-01 6.8564900000e+01 2.0000000000e+02 3.0000000000e+06 2.9000000000e+02
9.6996245307e-01 6.8564900000e+01 2.0000000000e+02 3.0000000000e+06 2.9000000000e+02
9.7121401752e-01 6.8564900000e+01 2.0000000000e+02 3.0000000000e+06 2.9000000000e+02
9.7246558198e-01 6.8564900000e+01 2.0000000000e+02 3.0000000000e+06 2.9000000000e+02
9.7371714643e-01 6.8564900000e+01 2.0000000000e+02 3.0000000000e+06 2.9000000000e+02
9.7496871089e-01 6.8564900000e+01 2.0000000000e+02 3.0000000000e+06 2.9000000000e+02
9.7622027534e-01 6.8564900000e+01 2.0000000000e+02 3.0000000000e+06 2.9000000000e+02
9.7747183980e-01 6.8564900000e+01 2.0000000000e+02 3.0000000000e+06 2.9000000000e+02
9.7872340426e-01 6.8564900000e+01 2.0000000000e+02 3.0000000000e+06 2.9000000000e+02
9.7997496871e-01 6.8564900000e+01 2.0000000000e+02 3.0000000000e+06 2.9000000000e+02
9.8122653317e-01 6.8564900000e+01 2.0000000000e+02 3.0000000000e+06 2.9000000000e+02
9.8247809762e-01 6.8564900000e+01 2.0000000000e+02 3.0000000000e+06 2.9000000000e+02
9.8372966208e-01 6.8564900000e+01 2.0000000000e+02 3.0000000000e+06 2.9000000000e+02
9.8498122653e-01 6.8564900000e+01 2.0000000000e+02 3.0000000000e+06 2.9000000000e+02
9.8623279099e-01 6.8564900000e+01 2.0000000000e+02 3.0000000000e+06 2.9000000000e+02
9.8748435544e-01 6.8564900000e+01 2.0000000000e+02 3.0000000000e+06 2.9000000000e+02
9.8873591990e-01 6.8564900000e+01 2.0000000000e+02 3.0000000000e+06 2.9000000000e+02
9.8998748436e-01 6.8564900000e+01 2.0000000000e+02 3.0000000000e+06 2.9000000000e+02
9.9123904881e-01 6.8564900000e+01 2.0000000000e+02 3.0000000000e+06 2.9000000000e+02
9.9249061327e-01 6.8564900000e+01 2.0000000000e+02 3.0000000000e+06 2.9000000000e+02
9.9374217772e-01 6.8564900000e+01 2.0000000000e+02 3.0000000000e+06 2.9000000000e+02
9.9499374218e-01 6.8564900000e+01 2.0000000000e+02 3.0000000000e+06 2.9000000000e+02
9.9624530663e-01 6.8564900000e+01 2.0000000000e+02 3.0000000000e+06 2.9000000000e+02
9.9749687109e-01 6.8564900000e+01 2.0000000000e+02 3.0000000000e+06 2.9000000000e+02
9.9874843554e-01 6.8564900000e+01 2.0000000000e+02 3.0000000000e+06 2.9000000000e+02
1.0000000000e+00 6.8564900000e+01 2.0000000000e+02 3.0000000000e+06 2.9000000000e+02
